K:l 0 0.03407 0.05299782752990723
K:o 1.5913488864898682 0.03511 0.05601143836975098
K:a 1.7325215339660645 0.034140000000000004 1.1431729793548584
K:a 2.5673794746398926 0.03493 0.2907602787017822
K:d 4.835968971252441 0.0341 1.0077857971191406
K:r 4.211928367614746 0.03522 0.07070088386535645
K:y 3.285841464996338 0.03541 0.05337214469909668
K:a 10.13694429397583 0.03332 0.31302523612976074
K:d 19.811379432678223 0.03419 0.5619699954986572
K:d 28.128406286239624 0.03383 1.4727342128753662
K:a 14.193497896194458 0.03365 4.285041809082031
K:a 4.932649612426758 0.03473 0.16418910026550293
K:a 6.787374258041382 0.03473 0.5179145336151123
K:a 1.8160231113433838 0.03509 0.06806182861328125
K:s 1.558946132659912 0.03472 0.14580702781677246
